type                normal          fighting        flying          poison          ground          rock            bug             ghost           steel           fire            water           grass           electric        psychic         ice             dragon          dark            fairy
                    1.0             1.0             1.0             1.0             1.0             0.5             1.0             0.0             0.5             1.0             1.0             1.0             1.0             1.0             1.0             1.0             1.0             1.0
                    2.0             1.0             0.5             0.5             1.0             2.0             0.5             0.0             2.0             1.0             1.0             1.0             1.0             0.5             2.0             1.0             2.0             0.5
                    1.0             2.0             1.0             1.0             1.0             0.5             2.0             1.0             0.5             1.0             1.0             2.0             0.5             1.0             1.0             1.0             1.0             1.0
                    1.0             1.0             1.0             0.5             0.5             0.5             1.0             0.5             0.0             1.0             1.0             2.0             1.0             1.0             1.0             1.0             1.0             2.0
                    1.0             1.0             0.0             2.0             1.0             2.0             0.5             1.0             2.0             2.0             1.0             0.5             2.0             1.0             1.0             1.0             1.0             1.0
                    1.0             0.5             2.0             1.0             0.5             1.0             2.0             1.0             0.5             2.0             1.0             1.0             1.0             1.0             2.0             1.0             1.0             1.0
                    1.0             0.5             0.5             0.5             1.0             1.0             1.0             0.5             0.5             0.5             1.0             2.0             1.0             2.0             1.0             1.0             2.0             0.5
                    0.0             1.0             1.0             1.0             1.0             1.0             1.0             2.0             1.0             1.0             1.0             1.0             1.0             2.0             1.0             1.0             0.5             1.0
                    1.0             1.0             1.0             1.0             1.0             2.0             1.0             1.0             0.5             0.5             0.5             1.0             0.5             1.0             2.0             1.0             1.0             2.0
                    1.0             1.0             1.0             1.0             1.0             0.5             2.0             1.0             2.0             0.5             0.5             2.0             1.0             1.0             2.0             0.5             1.0             1.0
                    1.0             1.0             1.0             1.0             2.0             2.0             1.0             1.0             1.0             2.0             0.5             0.5             1.0             1.0             1.0             0.5             1.0             1.0
                    1.0             1.0             0.5             0.5             2.0             2.0             0.5             1.0             0.5             0.5             2.0             0.5             1.0             1.0             1.0             0.5             1.0             1.0
                    1.0             1.0             2.0             1.0             0.0             1.0             1.0             1.0             1.0             1.0             2.0             0.5             0.5             1.0             1.0             0.5             1.0             1.0
                    1.0             2.0             1.0             2.0             1.0             1.0             1.0             1.0             0.5             1.0             1.0             1.0             1.0             0.5             1.0             1.0             0.0             1.0
                    1.0             1.0             2.0             1.0             2.0             1.0             1.0             1.0             0.5             0.5             0.5             2.0             1.0             1.0             0.5             2.0             1.0             1.0
                    1.0             1.0             1.0             1.0             1.0             1.0             1.0             1.0             0.5             1.0             1.0             1.0             1.0             1.0             1.0             2.0             1.0             0.0
                    1.0             0.5             1.0             1.0             1.0             1.0             1.0             2.0             1.0             1.0             1.0             1.0             1.0             2.0             1.0             1.0             0.5             0.5
                    1.0             2.0             1.0             0.5             1.0             1.0             1.0             1.0             0.5             0.5             1.0             1.0             1.0             1.0             1.0             2.0             2.0             1.0